("japan",15.0,1,1539951957181)
("usa",22.0,1,1539952012385)
("usa",18.0,2,1539952099166)
("usa",19.333333333333332,3,1539952123166)
("china",11.0,1,1539952198177)
("japan",20.0,2,1539952252362)
("usa",17.0,4,1539952435073)
("china",17.0,2,1539952470075)
("japan",22.0,3,1539952827147)
("china",17.0,3,1539952929072)
("usa",17.4,5,1539952931056)
("germany",12.0,1,1539953043131)
("japan",22.25,4,1539953133299)
("usa",16.333333333333332,6,1539953427172)
("china",18.0,4,1539953484175)
("china",17.4,5,1539953797160)
("japan",21.0,5,1539953842165)
("usa",15.0,7,1539953901048)
("china",17.666666666666668,6,1539954157028)
("china",16.428571428571427,7,1539954198320)
("japan",18.833333333333332,6,1539954340516)
("usa",15.75,8,1539954586102)
("china",15.499999999999998,8,1539954591227)
("china",16.333333333333332,9,1539954606172)
("japan",18.142857142857142,7,1539954706127)
("japan",17.5,8,1539954720276)
("japan",17.333333333333332,9,1539955123239)
("russia",24.0,1,1539955147092)
("japan",17.1,10,1539955557165)
("usa",16.77777777777778,9,1539955630120)
("germany",12.5,2,1539955634109)
("japan",17.0,11,1539955677432)
("germany",13.666666666666666,3,1539955677432)
("china",16.3,10,1539955677432)
("china",16.727272727272727,11,1539956059741)
("japan",16.166666666666668,12,1539956115199)
("japan",15.538461538461538,13,1539956194109)
("japan",15.5,14,1539956280038)
("japan",15.466666666666667,15,1539956314110)
("japan",15.75,16,1539956525165)
("china",16.583333333333332,12,1539956626042)
("russia",21.5,2,1539956673325)
("germany",15.5,4,1539956715086)
("usa",16.5,10,1539956715089)
("japan",15.588235294117647,17,1539956768515)
("usa",16.727272727272727,11,1539956965123)
("japan",15.277777777777779,18,1539957125145)
("usa",17.083333333333332,12,1539957163071)
("russia",19.666666666666668,3,1539957261176)
("china",16.307692307692307,13,1539957264119)
("russia",18.75,4,1539957415003)
("china",16.5,14,1539957731127)
("china",16.666666666666668,15,1539958123250)
("china",16.375,16,1539958305275)
("china",16.529411764705884,17,1539958419146)
("japan",15.052631578947368,19,1539958532319)
("germany",16.6,5,1539958674088)
("russia",18.0,5,1539958837080)
("usa",16.53846153846154,13,1539959206140)
("russia",17.166666666666668,6,1539959411058)
("usa",15.92857142857143,14,1539959767281)
("china",16.055555555555557,18,1539959858572)
("russia",18.142857142857142,7,1539959899073)
("china",16.210526315789473,19,1539960297117)
("usa",15.133333333333335,15,1539960319237)
("usa",15.375000000000002,16,1539960352115)
("japan",15.25,20,1539960352115)
("russia",17.875,8,1539960552590)
("china",16.55,20,1539960571175)
("usa",15.705882352941176,17,1539960585205)
("japan",15.19047619047619,21,1539960703188)
